254 247 227 218 218 218 230 249 254 255 255 255 255 255 255 255
247 153  58  46  46  46  55 158 247 255 255 255 255 255 255 255
227  58 140 202 202 201 100  69 219 255 255 255 255 255 255 255
218  46 202 254 247 230 101  66 216 255 255 255 255 255 255 255
218  46 202 247 117  39  55 147 248 255 255 255 255 255 255 255
218  46 201 230  39 139 206 247 254 255 255 255 255 255 255 255
229  55 101 102  55 206 255 255 255 255 255 255 255 255 255 255
249 158  69  66 147 247 255 255 255 255 255 255 255 255 255 255
254 247 218 216 248 254 255 255 255 255 255 255 255 255 255 255
255 255 255 255 255 255 255 255 255 255 255 255 255 255 255 255
255 255 255 255 255 255 255 255 255 255 255 255 255 255 255 255
255 255 255 255 255 255 255 255 255 255 255 255 255 255 255 255
255 255 255 255 255 255 255 255 255 255 255 255 255 255 255 255
255 255 255 255 255 255 255 255 255 255 255 255 255 255 255 255
255 255 255 255 255 255 255 255 255 255 255 255 255 255 255 255
255 255 255 255 255 255 255 255 255 255 255 255 255 255 255 255
254 247 227 219 219 219 230 249 254 255 255 255 255 255 255 255
247 154  59  48  48  48  56 159 247 255 255 255 255 255 255 255
227  59 141 203 203 202 101  70 219 255 255 255 255 255 255 255
219  48 203 254 247 231 103  67 216 255 255 255 255 255 255 255
219  48 203 247 118  41  57 148 248 255 255 255 255 255 255 255
219  48 202 231  41 140 207 247 254 255 255 255 255 255 255 255
230  57 101 103  57 207 255 255 255 255 255 255 255 255 255 255
249 158  70  67 148 247 255 255 255 255 255 255 255 255 255 255
254 247 219 216 248 254 255 255 255 255 255 255 255 255 255 255
255 255 255 255 255 255 255 255 255 255 255 255 255 255 255 255
255 255 255 255 255 255 255 255 255 255 255 255 255 255 255 255
255 255 255 255 255 255 255 255 255 255 255 255 255 255 255 255
255 255 255 255 255 255 255 255 255 255 255 255 255 255 255 255
255 255 255 255 255 255 255 255 255 255 255 255 255 255 255 255
255 255 255 255 255 255 255 255 255 255 255 255 255 255 255 255
255 255 255 255 255 255 255 255 255 255 255 255 255 255 255 255
254 247 227 219 219 219 230 249 254 255 255 255 255 255 255 255
247 154  59  48  48  48  56 159 247 255 255 255 255 255 255 255
227  59 141 203 203 202 101  70 219 255 255 255 255 255 255 255
219  48 203 254 247 231 103  67 216 255 255 255 255 255 255 255
219  48 203 247 118  41  57 148 248 255 255 255 255 255 255 255
219  48 202 231  41 140 207 247 254 255 255 255 255 255 255 255
230  57 101 103  57 207 255 255 255 255 255 255 255 255 255 255
249 158  70  67 148 247 255 255 255 255 255 255 255 255 255 255
254 247 219 216 248 254 255 255 255 255 255 255 255 255 255 255
255 255 255 255 255 255 255 255 255 255 255 255 255 255 255 255
255 255 255 255 255 255 255 255 255 255 255 255 255 255 255 255
255 255 255 255 255 255 255 255 255 255 255 255 255 255 255 255
255 255 255 255 255 255 255 255 255 255 255 255 255 255 255 255
255 255 255 255 255 255 255 255 255 255 255 255 255 255 255 255
255 255 255 255 255 255 255 255 255 255 255 255 255 255 255 255
255 255 255 255 255 255 255 255 255 255 255 255 255 255 255 255

255 255 255 255 255 255 255 255 255 255 255 255 255 255 255 255
255 255 255 255 255 255 255 255 255 255 255 255 255 255 255 255
255 255 255 255 255 255 255 255 255 255 255 255 255 255 255 255
255 255 255 255 255 255 255 255 255 255 255 255 255 255 255 255
255 255 255 255 255 255 255 255 255 255 255 255 255 255 255 255
255 255 255 255 255 255 255 255 255 255 255 255 255 255 255 255
255 255 255 255 255 255 255 255 255 255 255 255 255 255 255 255
255 248 221 220 249 255 255 255 255 255 255 255 255 255 255 255
249 158  73  71 156 249 255 255 255 255 255 255 255 255 255 255
225  56 101  96  60 213 255 255 255 255 255 255 255 255 255 255
213  47 209 224  40 148 213 249 255 255 255 255 255 255 255 255
213  47 209 244 110  40  60 155 249 255 255 255 255 255 255 255
213  47 209 255 244 224  97  71 220 255 255 255 255 255 255 255
221  56 150 209 209 209 102  73 221 255 255 255 255 255 255 255
246 147  56  47  47  47  56 158 248 255 255 255 255 255 255 255
255 246 221 213 213 213 224 249 255 255 255 255 255 255 255 255
255 255 255 255 255 255 255 255 255 255 255 255 255 255 255 255
255 255 255 255 255 255 255 255 255 255 255 255 255 255 255 255
255 255 255 255 255 255 255 255 255 255 255 255 255 255 255 255
255 255 255 255 255 255 255 255 255 255 255 255 255 255 255 255
255 255 255 255 255 255 255 255 255 255 255 255 255 255 255 255
255 255 255 255 255 255 255 255 255 255 255 255 255 255 255 255
255 255 255 255 255 255 255 255 255 255 255 255 255 255 255 255
255 248 221 220 249 255 255 255 255 255 255 255 255 255 255 255
249 159  74  73 156 249 255 255 255 255 255 255 255 255 255 255
225  57 102  98  62 213 255 255 255 255 255 255 255 255 255 255
214  48 209 224  42 149 213 249 255 255 255 255 255 255 255 255
214  49 210 244 111  42  61 156 249 255 255 255 255 255 255 255
214  49 210 255 244 224  98  73 220 255 255 255 255 255 255 255
222  57 150 210 210 209 102  74 221 255 255 255 255 255 255 255
246 148  57  49  49  48  58 159 248 255 255 255 255 255 255 255
255 246 222 214 214 214 225 249 255 255 255 255 255 255 255 255
255 255 255 255 255 255 255 255 255 255 255 255 255 255 255 255
255 255 255 255 255 255 255 255 255 255 255 255 255 255 255 255
255 255 255 255 255 255 255 255 255 255 255 255 255 255 255 255
255 255 255 255 255 255 255 255 255 255 255 255 255 255 255 255
255 255 255 255 255 255 255 255 255 255 255 255 255 255 255 255
255 255 255 255 255 255 255 255 255 255 255 255 255 255 255 255
255 255 255 255 255 255 255 255 255 255 255 255 255 255 255 255
255 248 221 220 249 255 255 255 255 255 255 255 255 255 255 255
249 159  74  73 156 249 255 255 255 255 255 255 255 255 255 255
225  57 102  98  62 213 255 255 255 255 255 255 255 255 255 255
214  48 209 224  42 149 213 249 255 255 255 255 255 255 255 255
214  49 210 244 111  42  61 156 249 255 255 255 255 255 255 255
214  49 210 255 244 224  98  73 220 255 255 255 255 255 255 255
222  57 150 210 210 209 102  74 221 255 255 255 255 255 255 255
246 148  57  49  49  48  58 159 248 255 255 255 255 255 255 255
255 246 222 214 214 214 225 249 255 255 255 255 255 255 255 255

255 255 255 255 255 255 255 255 255 255 255 255 255 255 255 255
255 255 255 255 255 255 255 255 255 255 255 255 255 255 255 255
255 255 255 255 255 255 255 255 255 255 255 255 255 255 255 255
255 255 255 255 255 255 255 255 255 255 255 255 255 255 255 255
255 255 255 255 255 255 255 255 255 255 255 255 255 255 255 255
255 255 255 255 255 255 255 255 255 255 255 255 255 255 255 255
255 255 255 255 255 255 255 255 255 255 255 255 255 255 255 255
255 255 255 255 255 255 255 255 255 255 255 249 220 221 248 255
255 255 255 255 255 255 255 255 255 255 249 155  71  73 158 249
255 255 255 255 255 255 255 255 255 255 213  60  97 102  56 224
255 255 255 255 255 255 255 255 249 213 148  40 224 209  47 213
255 255 255 255 255 255 255 249 156  60  40 110 244 209  47 213
255 255 255 255 255 255 255 220  71  96 224 244 255 209  47 213
255 255 255 255 255 255 255 221  73 101 209 209 209 150  56 221
255 255 255 255 255 255 255 248 158  56  47  47  47  56 147 246
255 255 255 255 255 255 255 255 249 225 213 213 213 221 246 255
255 255 255 255 255 255 255 255 255 255 255 255 255 255 255 255
255 255 255 255 255 255 255 255 255 255 255 255 255 255 255 255
255 255 255 255 255 255 255 255 255 255 255 255 255 255 255 255
255 255 255 255 255 255 255 255 255 255 255 255 255 255 255 255
255 255 255 255 255 255 255 255 255 255 255 255 255 255 255 255
255 255 255 255 255 255 255 255 255 255 255 255 255 255 255 255
255 255 255 255 255 255 255 255 255 255 255 255 255 255 255 255
255 255 255 255 255 255 255 255 255 255 255 249 220 221 248 255
255 255 255 255 255 255 255 255 255 255 249 156  73  74 159 249
255 255 255 255 255 255 255 255 255 255 213  61  98 102  58 225
255 255 255 255 255 255 255 255 249 213 149  42 224 209  48 214
255 255 255 255 255 255 255 249 156  62  42 111 244 210  49 214
255 255 255 255 255 255 255 220  73  98 224 244 255 210  49 214
255 255 255 255 255 255 255 221  74 102 209 210 210 150  57 222
255 255 255 255 255 255 255 248 159  57  48  49  49  57 148 246
255 255 255 255 255 255 255 255 249 225 214 214 214 222 246 255
255 255 255 255 255 255 255 255 255 255 255 255 255 255 255 255
255 255 255 255 255 255 255 255 255 255 255 255 255 255 255 255
255 255 255 255 255 255 255 255 255 255 255 255 255 255 255 255
255 255 255 255 255 255 255 255 255 255 255 255 255 255 255 255
255 255 255 255 255 255 255 255 255 255 255 255 255 255 255 255
255 255 255 255 255 255 255 255 255 255 255 255 255 255 255 255
255 255 255 255 255 255 255 255 255 255 255 255 255 255 255 255
255 255 255 255 255 255 255 255 255 255 255 249 220 221 248 255
255 255 255 255 255 255 255 255 255 255 249 156  73  74 159 249
255 255 255 255 255 255 255 255 255 255 213  61  98 102  58 225
255 255 255 255 255 255 255 255 249 213 149  42 224 209  48 214
255 255 255 255 255 255 255 249 156  62  42 111 244 210  49 214
255 255 255 255 255 255 255 220  73  98 224 244 255 210  49 214
255 255 255 255 255 255 255 221  74 102 209 210 210 150  57 222
255 255 255 255 255 255 255 248 159  57  48  49  49  57 148 246
255 255 255 255 255 255 255 255 249 225 214 214 214 222 246 255

255 255 255 255 255 255 255 255 249 224 213 213 213 221 246 255
255 255 255 255 255 255 255 248 158  56  47  47  47  56 147 246
255 255 255 255 255 255 255 221  73 102 209 209 209 150  56 221
255 255 255 255 255 255 255 220  71  97 224 244 255 209  47 213
255 255 255 255 255 255 255 249 155  60  40 110 244 209  47 213
255 255 255 255 255 255 255 255 249 213 148  40 224 209  47 213
255 255 255 255 255 255 255 255 255 255 213  60  96 101  56 225
255 255 255 255 255 255 255 255 255 255 249 156  71  73 158 249
255 255 255 255 255 255 255 255 255 255 255 249 220 221 248 255
255 255 255 255 255 255 255 255 255 255 255 255 255 255 255 255
255 255 255 255 255 255 255 255 255 255 255 255 255 255 255 255
255 255 255 255 255 255 255 255 255 255 255 255 255 255 255 255
255 255 255 255 255 255 255 255 255 255 255 255 255 255 255 255
255 255 255 255 255 255 255 255 255 255 255 255 255 255 255 255
255 255 255 255 255 255 255 255 255 255 255 255 255 255 255 255
255 255 255 255 255 255 255 255 255 255 255 255 255 255 255 255
255 255 255 255 255 255 255 255 249 225 214 214 214 222 246 255
255 255 255 255 255 255 255 248 159  58  48  49  49  57 148 246
255 255 255 255 255 255 255 221  74 102 209 210 210 150  57 222
255 255 255 255 255 255 255 220  73  98 224 244 255 210  49 214
255 255 255 255 255 255 255 249 156  61  42 111 244 210  49 214
255 255 255 255 255 255 255 255 249 213 149  42 224 209  48 214
255 255 255 255 255 255 255 255 255 255 213  62  98 102  57 225
255 255 255 255 255 255 255 255 255 255 249 156  73  74 159 249
255 255 255 255 255 255 255 255 255 255 255 249 220 221 248 255
255 255 255 255 255 255 255 255 255 255 255 255 255 255 255 255
255 255 255 255 255 255 255 255 255 255 255 255 255 255 255 255
255 255 255 255 255 255 255 255 255 255 255 255 255 255 255 255
255 255 255 255 255 255 255 255 255 255 255 255 255 255 255 255
255 255 255 255 255 255 255 255 255 255 255 255 255 255 255 255
255 255 255 255 255 255 255 255 255 255 255 255 255 255 255 255
255 255 255 255 255 255 255 255 255 255 255 255 255 255 255 255
255 255 255 255 255 255 255 255 249 225 214 214 214 222 246 255
255 255 255 255 255 255 255 248 159  58  48  49  49  57 148 246
255 255 255 255 255 255 255 221  74 102 209 210 210 150  57 222
255 255 255 255 255 255 255 220  73  98 224 244 255 210  49 214
255 255 255 255 255 255 255 249 156  61  42 111 244 210  49 214
255 255 255 255 255 255 255 255 249 213 149  42 224 209  48 214
255 255 255 255 255 255 255 255 255 255 213  62  98 102  57 225
255 255 255 255 255 255 255 255 255 255 249 156  73  74 159 249
255 255 255 255 255 255 255 255 255 255 255 249 220 221 248 255
255 255 255 255 255 255 255 255 255 255 255 255 255 255 255 255
255 255 255 255 255 255 255 255 255 255 255 255 255 255 255 255
255 255 255 255 255 255 255 255 255 255 255 255 255 255 255 255
255 255 255 255 255 255 255 255 255 255 255 255 255 255 255 255
255 255 255 255 255 255 255 255 255 255 255 255 255 255 255 255
255 255 255 255 255 255 255 255 255 255 255 255 255 255 255 255
255 255 255 255 255 255 255 255 255 255 255 255 255 255 255 255
